
setpos -3165.961914 -1989.146118 116.275185;setang -0.980032 124.720047 0.000000
setpos -4523.365234 -701.638000 117.344193;setang 0.779967 -51.719864 0.0000
setpos -3493.980225 -932.417969 137.680237;setang 72.939980 -119.999664 0.000000
setpos -4187.998047 -1761.451904 131.735138;setang 17.940008 41.480270 0.000000
setpos -4466.183105 -1334.442139 133.051086;setang 9.360056 -5.319913 0.000000
setpos -3300.648438 -1349.612427 116.456764;setang 7.380052 177.720093 0.000000
setpos -3799.168701 -1011.543152 128.853958;setang 74.259949 -136.519836 0.000000
setpos -3900.357666 -1688.371948 129.826538;setang 2.759918 17.560122 0.000000







